0 100 1 12794
0 100 2 8835
0 100 3 10790
0 100 4 27172
0 100 5 4926
0 100 6 4611
0 100 7 4421
0 100 8 4918
0 100 9 4429
0 100 10 30031
0 1000 1 30052
0 1000 2 33257
0 1000 3 32314
0 1000 4 32941
0 1000 5 32160
0 1000 6 29719
0 1000 7 30741
0 1000 8 32311
0 1000 9 31344
0 1000 10 29724
0 10000 1 284082
0 10000 2 289806
0 10000 3 292828
0 10000 4 299406
0 10000 5 304826
0 10000 6 296545
0 10000 7 291743
0 10000 8 301411
0 10000 9 300412
0 10000 10 296593
0 100000 1 2706185
0 100000 2 2700264
0 100000 3 2675343
0 100000 4 2672008
0 100000 5 2731729
0 100000 6 2716937
0 100000 7 2718138
0 100000 8 2724259
0 100000 9 2710509
0 100000 10 2704919
1 100 1 3491
1 100 2 16434
1 100 3 3346
1 100 4 3402
1 100 5 3604
1 100 6 3335
1 100 7 3385
1 100 8 3450
1 100 9 34456
1 100 10 4888
1 1000 1 19235
1 1000 2 51546
1 1000 3 21039
1 1000 4 16216
1 1000 5 38715
1 1000 6 44026
1 1000 7 23976
1 1000 8 34165
1 1000 9 34543
1 1000 10 17700
1 10000 1 152663
1 10000 2 155574
1 10000 3 160081
1 10000 4 152618
1 10000 5 157485
1 10000 6 157906
1 10000 7 154466
1 10000 8 157205
1 10000 9 156702
1 10000 10 152113
1 100000 1 1413492
1 100000 2 1381843
1 100000 3 1392561
1 100000 4 1380227
1 100000 5 1407351
1 100000 6 1386924
1 100000 7 1405045
1 100000 8 1383927
1 100000 9 1393550
1 100000 10 1386463
2 100 1 4998
2 100 2 3726
2 100 3 3607
2 100 4 3608
2 100 5 2912
2 100 6 58823
2 100 7 6433
2 100 8 4437
2 100 9 4058
2 100 10 3412
2 1000 1 34495
2 1000 2 16477
2 1000 3 24829
2 1000 4 17944
2 1000 5 40362
2 1000 6 30002
2 1000 7 16998
2 1000 8 40712
2 1000 9 34989
2 1000 10 24454
2 10000 1 156931
2 10000 2 149383
2 10000 3 153622
2 10000 4 151404
2 10000 5 155464
2 10000 6 152980
2 10000 7 155403
2 10000 8 153009
2 10000 9 151429
2 10000 10 154544
2 100000 1 1407187
2 100000 2 1396841
2 100000 3 1381199
2 100000 4 1376156
2 100000 5 1401044
2 100000 6 1367544
2 100000 7 1384675
2 100000 8 1394783
2 100000 9 1390641
2 100000 10 1389196
3 100 1 3345
3 100 2 14168
3 100 3 5872
3 100 4 5582
3 100 5 5351
3 100 6 3641
3 100 7 29918
3 100 8 4302
3 100 9 3603
3 100 10 3243
3 1000 1 11323
3 1000 2 37503
3 1000 3 12466
3 1000 4 21888
3 1000 5 11742
3 1000 6 10585
3 1000 7 23343
3 1000 8 12125
3 1000 9 25119
3 1000 10 10959
3 10000 1 90426
3 10000 2 91664
3 10000 3 92783
3 10000 4 92641
3 10000 5 94642
3 10000 6 91077
3 10000 7 93989
3 10000 8 93749
3 10000 9 96634
3 10000 10 94299
3 100000 1 887124
3 100000 2 893403
3 100000 3 883026
3 100000 4 866317
3 100000 5 880162
3 100000 6 900984
3 100000 7 881410
3 100000 8 889467
3 100000 9 885980
3 100000 10 886680
