0 100 1 11456
0 100 2 6588
0 100 3 17043
0 100 4 5526
0 100 5 6706
0 100 6 5800
0 100 7 5185
0 100 8 25612
0 100 9 5344
0 100 10 4915
0 1000 1 38769
0 1000 2 32980
0 1000 3 32496
0 1000 4 32409
0 1000 5 32148
0 1000 6 31412
0 1000 7 31887
0 1000 8 34083
0 1000 9 35567
0 1000 10 33019
0 10000 1 316261
0 10000 2 313567
0 10000 3 303288
0 10000 4 309630
0 10000 5 308616
0 10000 6 310130
0 10000 7 309415
0 10000 8 308003
0 10000 9 304497
0 10000 10 308764
0 100000 1 2870314
0 100000 2 2850497
0 100000 3 2828089
0 100000 4 2828131
0 100000 5 2854348
0 100000 6 2855086
0 100000 7 2904324
0 100000 8 2897933
0 100000 9 2910050
0 100000 10 2876104
1 100 1 3921
1 100 2 3647
1 100 3 17141
1 100 4 3502
1 100 5 3193
1 100 6 3304
1 100 7 3691
1 100 8 3282
1 100 9 3857
1 100 10 3519
1 1000 1 50318
1 1000 2 15044
1 1000 3 23618
1 1000 4 14935
1 1000 5 24633
1 1000 6 15198
1 1000 7 39403
1 1000 8 28211
1 1000 9 16409
1 1000 10 22528
1 10000 1 137884
1 10000 2 139621
1 10000 3 130165
1 10000 4 143236
1 10000 5 132602
1 10000 6 135744
1 10000 7 132891
1 10000 8 142360
1 10000 9 133736
1 10000 10 133355
1 100000 1 1265129
1 100000 2 1299921
1 100000 3 1281727
1 100000 4 1289955
1 100000 5 1294514
1 100000 6 1296629
1 100000 7 1277686
1 100000 8 1286600
1 100000 9 1289439
1 100000 10 1292153
2 100 1 3020
2 100 2 16156
2 100 3 3107
2 100 4 3157
2 100 5 3564
2 100 6 3226
2 100 7 3497
2 100 8 3139
2 100 9 3830
2 100 10 40167
2 1000 1 35439
2 1000 2 26470
2 1000 3 28151
2 1000 4 15881
2 1000 5 23079
2 1000 6 15086
2 1000 7 37139
2 1000 8 22820
2 1000 9 15829
2 1000 10 24428
2 10000 1 133191
2 10000 2 138391
2 10000 3 129964
2 10000 4 132408
2 10000 5 138043
2 10000 6 136779
2 10000 7 141738
2 10000 8 141967
2 10000 9 129814
2 10000 10 128034
2 100000 1 1288028
2 100000 2 1274480
2 100000 3 1263647
2 100000 4 1279422
2 100000 5 1290974
2 100000 6 1278273
2 100000 7 1275854
2 100000 8 1284203
2 100000 9 1277367
2 100000 10 1265160
3 100 1 2369
3 100 2 2224
3 100 3 2214
3 100 4 2343
3 100 5 22001
3 100 6 2893
3 100 7 2735
3 100 8 2720
3 100 9 2107
3 100 10 2070
3 1000 1 10468
3 1000 2 40263
3 1000 3 10707
3 1000 4 10664
3 1000 5 24071
3 1000 6 9886
3 1000 7 10359
3 1000 8 29082
3 1000 9 11253
3 1000 10 21924
3 10000 1 80892
3 10000 2 77709
3 10000 3 78730
3 10000 4 78319
3 10000 5 75791
3 10000 6 77616
3 10000 7 78103
3 10000 8 77970
3 10000 9 77836
3 10000 10 78482
3 100000 1 751362
3 100000 2 766276
3 100000 3 757956
3 100000 4 756825
3 100000 5 760934
3 100000 6 763731
3 100000 7 760687
3 100000 8 763569
3 100000 9 760224
3 100000 10 758151
