 9.325174 4096 20 1
 5.997893 4096 20 2
 4.836349 4096 20 4
 4.905657 4096 20 6
 5.314280 4096 20 8
 5.786349 4096 20 10
 5.522637 4096 20 12
 5.710925 4096 20 14
 5.566881 4096 20 16
 0.544431 1024 20 1
 0.328608 1024 20 2
 0.233646 1024 20 4
 0.240270 1024 20 6
 0.257332 1024 20 8
 0.243818 1024 20 10
 0.225532 1024 20 12
 0.236090 1024 20 14
 0.218325 1024 20 16
 0.030390 256 20 1
 0.020951 256 20 2
 0.016170 256 20 4
 0.014919 256 20 6
 0.015981 256 20 8
 0.016352 256 20 10
 0.017472 256 20 12
 0.026815 256 20 14
 1.863281 256 20 16
 0.002268 64 20 1
 0.005423 128 20 4
 1.866327 256 20 16
 0.030425 256 20 1
 0.064725 512 20 4
 0.221960 1024 20 16
 0.541023 1024 20 1
 1.083297 2048 20 4
 5.390258 4096 20 16
