 155.41413 16384 20 1
 91.452122 16384 20 2
 57.252043 16384 20 4
 61.843305 16384 20 6
 57.910696 16384 20 8
 55.596937 16384 20 10
 56.137527 16384 20 12
 60.427720 16384 20 14
 55.812998 16384 20 16
 9.377200 4096 20 1
 6.063086 4096 20 2
 4.302160 4096 20 4
 4.935561 4096 20 6
 5.399081 4096 20 8
 5.280454 4096 20 10
 5.447767 4096 20 12
 5.723315 4096 20 14
 5.481215 4096 20 16
 0.542061 1024 20 1
 0.345245 1024 20 2
 0.236160 1024 20 4
 0.238024 1024 20 6
 0.245775 1024 20 8
 0.238217 1024 20 10
 0.235464 1024 20 12
 0.257003 1024 20 14
 0.265147 1024 20 16
 0.030670 256 20 1
 0.020830 256 20 2
 0.016151 256 20 4
 0.016917 256 20 6
 0.017373 256 20 8
 0.017496 256 20 10
 0.015972 256 20 12
 0.019773 256 20 14
 0.026427 256 20 16
 0.002277 64 20 1
 0.004798 128 20 4
 0.024465 256 20 16
 0.030458 256 20 1
 0.056926 512 20 4
 0.244103 1024 20 16
 0.542068 1024 20 1
 1.090501 2048 20 4
 5.571986 4096 20 16
